50 26 100
20 36 50 9 2 44 7 21 37 24 25 29 47 13 41 8 30 4 27 19 42 11 43 26 22 5
1 6 12
1 45 9
1 44 6
1 19 18
2 50 13
2 5 15
2 18 13
3 28 19
3 29 19
3 24 15
3 12 11
4 46 17
4 41 11
5 44 9
5 50 15
5 31 8
5 12 9
5 24 9
6 21 7
6 26 10
6 50 14
7 18 14
8 47 14
8 43 9
8 50 19
8 33 20
8 35 13
8 23 18
8 49 14
8 11 10
8 14 5
8 28 6
9 22 19
9 18 9
10 37 15
11 38 16
11 13 13
11 26 14
12 24 20
12 44 17
12 33 11
13 14 13
13 50 6
13 46 19
13 35 12
14 26 6
14 36 12
14 34 6
15 22 15
15 45 19
16 19 5
16 39 19
17 36 17
17 20 17
17 24 7
17 38 16
18 21 16
18 39 18
18 49 13
18 40 11
18 37 13
18 31 13
20 46 5
21 22 12
21 33 7
21 38 14
22 31 8
22 28 19
23 50 16
23 42 16
23 39 8
24 42 6
24 31 12
26 38 15
26 31 12
28 37 9
29 43 8
29 40 15
29 30 20
29 50 14
30 39 18
30 32 6
30 36 17
31 41 16
31 34 16
31 48 19
31 40 16
32 44 5
32 39 17
33 42 16
33 43 16
34 41 10
35 46 9
36 50 19
38 45 10
42 48 14
43 45 5
43 44 6
45 50 9
48 49 12
20
2 5 20
4 37 14
37 43 16
9 36 16
36 2 13
50 22 16
47 9 20
37 41 12
25 5 20
11 13 17
44 20 10
5 5 19
25 20 16
50 19 18
44 8 13
50 8 17
43 29 11
4 22 16
44 19 20
37 36 19
